23;14;5
21;5;3
21;6;4
22;13;4
21;7;3
20;12;5
21;15;3
15;11;4
23;18;4
26;17;5
26;18;4
26;16;1
27;19;2
28;19;2
29;20;3
30;21;4
30;22;1
31;3;3
31;9;4
33;5;3
33;6;4
34;4;4
35;23;1
35;24;3
35;25;4
27;18;4
27;26;5
31;27;4
31;28;3
23;31;4
21;29;4
23;32;3
21;30;4
28;33;2
26;34;3
28;35;4
35;30;4
35;36;3
33;37;5
21;38;5
37;39;4
38;30;3
27;33;3
27;40;4
27;41;4
39;1;3
39;2;3
39;16;4
39;42;4
40;16;1
21;43;3
21;45;5
31;44;5
20;29;4
31;46;3
25;9;4
25;47;5
25;48;2
41;49;4
42;17;4
42;50;3
42;51;4
42;52;1
42;53;4
42;54;5
42;55;3
42;39;4
42;58;3
42;57;5
42;56;1
42;34;5
42;63;4
42;18;4
42;62;3
42;61;1
25;59;2
25;60;3
21;64;3
33;64;3
35;65;3
41;66;2
43;67;4
27;38;4
45;68;4
33;70;4
33;71;2
33;72;4
33;73;3
21;54;4
47;75;3
35;80;3
21;74;5
27;69;3
28;69;3
31;76;5
31;77;4
41;78;5
41;79;3
37;47;4
48;92;3
25;66;4
49;47;5
49;93;3
49;51;4
49;81;5
49;82;5
49;83;3
49;84;5
49;85;4
50;86;2
50;85;3
50;87;2
21;88;3
157;73;3
157;89;4
157;90;3
157;91;4
48;94;4
35;66;5
21;58;3
42;95;4
42;96;3
50;97;4
26;95;4
41;98;3
52;99;4
53;100;5
53;101;3
53;102;4
37;103;3
49;104;3
53;105;3
21;106;4
42;65;5
33;106;5
50;107;1
54;108;2
54;109;4
21;110;4
31;110;4
27;111;4
54;112;3
21;113;4
31;113;3
24;114;3
35;114;2
55;115;4
35;116;3
50;117;5
50;118;5
50;119;2
35;120;5
56;107;3
25;121;2
21;122;5
21;123;3
31;123;4
55;124;3
21;125;4
48;109;4
25;126;4
25;99;1
57;127;2
57;38;5
57;109;4
33;113;3
33;122;4
33;125;2
26;128;5
42;128;5
42;99;2
48;127;3
25;102;3
24;129;4
55;130;4
28;111;3
21;129;4
50;131;5
48;104;4
50;132;4
42;133;3
56;134;2
55;135;4
59;136;1
41;137;3
21;104;3
59;138;3
21;139;4
21;99;5
59;179;2
25;68;3
25;140;3
42;141;5
42;38;5
60;142;4
21;66;3
50;131;5
50;39;3
27;143;4
48;144;4
25;145;4
25;83;3
42;146;4
25;147;4
25;155;3
25;148;4
35;149;5
55;150;5
55;151;5
55;152;5
55;156;4
55;157;3
59;153;3
21;154;2
21;142;3
57;67;3
57;54;2
61;47;5
26;146;3
50;158;3
35;13;3
54;159;4
50;159;3
35;160;2
61;161;5
61;3;4
21;162;4
61;163;2
26;141;5
26;164;5
26;47;3
26;63;5
26;65;4
26;53;4
26;77;4
26;165;5
26;26;4
26;38;3
27;166;3
28;166;3
28;143;3
35;101;2
56;167;4
62;47;5
63;168;3
63;169;3
63;83;4
27;170;2
28;170;2
35;42;3
43;171;5
64;172;5
33;173;4
31;138;4
61;65;4
31;174;4
31;175;5
21;83;5
21;176;3
21;177;4
21;173;3
27;178;3
31;183;3
42;180;5
42;181;5
42;182;4
42;165;5
42;78;5
33;184;1
31;185;4
21;184;2
33;176;5
27;186;5
91;187;2
43;188;3
56;189;4
55;190;4
55;191;5
55;192;4
55;193;4
55;194;4
55;79;4
55;195;5
50;196;5
60;136;3
60;86;4
48;197;5
71;198;3
71;199;1
72;200;5
72;201;5
63;202;2
73;203;3
25;204;4
75;205;3
75;206;5
75;207;5
75;208;3
75;209;4
75;183;5
48;68;4
27;210;3
35;61;2
50;38;5
54;38;5
31;211;4
31;212;4
61;213;3
15;214;3
15;215;2
15;216;4
15;99;5
55;217;5
55;218;4
35;220;5
55;219;5
21;220;4
35;221;3
73;222;2
55;223;5
27;224;3
28;224;3
35;225;4
21;226;5
61;124;4
20;226;4
35;227;2
15;228;4
15;229;2
21;230;5
43;231;5
35;232;2
79;99;4
79;233;4
79;234;5
15;235;3
82;199;5
83;236;5
15;237;5
15;166;4
39;66;4
85;111;5
85;166;4
27;238;2
28;238;1
35;239;3
35;240;4
43;241;5
35;242;4
59;47;4
35;243;2
86;220;5
86;244;5
86;245;5
86;246;5
86;247;2
86;248;5
86;249;5
86;250;5
21;251;2
15;107;5
31;109;4
31;252;3
25;253;3
25;254;1
25;255;4
45;114;4
45;3032;5
45;3504;5
87;3505;5
42;3506;3
55;172;5
55;3507;5
21;3508;4
21;3509;2
25;3510;4
88;3511;5
88;3512;5
88;3191;5
15;74;4
31;3513;2
31;2465;3
15;3514;3
15;3515;4
15;3516;5
35;3517;2
33;3646;5
31;3518;4
21;3646;5
89;3519;4
35;47;5
89;65;2
89;104;3
89;52;5
89;180;4
89;212;2
20;230;4
25;3520;4
25;3521;2
33;3508;4
91;38;4
35;3522;4
93;3526;5
55;2021;4
96;3523;3
96;2628;5
27;3524;3
96;3510;5
96;243;2
96;3525;5
96;3526;5
96;61;3
96;191;5
96;192;5
96;3527;4
96;138;5
96;3528;3
96;2592;5
96;18;4
96;3529;5
96;3530;5
96;3531;5
96;3532;1
96;13;5
96;3533;5
96;3534;3
99;3528;3
43;3535;4
96;3536;4
96;3537;4
96;3538;3
96;3539;5
96;3507;4
96;3540;4
15;178;4
96;3541;5
96;3542;3
96;66;3
100;3543;5
100;212;5
100;194;3
100;2360;5
100;3544;2
15;3545;2
15;3546;4
55;3547;5
55;3548;5
55;3549;5
100;79;3
61;16;3
15;3550;3
56;68;5
56;247;3
21;3551;3
55;196;5
55;62;5
31;164;5
31;3188;5
55;3552;4
89;3553;4
89;3554;4
89;66;2
55;3555;4
55;3556;5
31;3557;2
28;3524;3
28;3558;4
55;3559;4
55;3560;5
28;3561;5
35;3562;4
55;3563;4
50;3564;4
50;38;4
43;3565;5
28;3566;4
33;3567;5
50;3568;3
50;3569;4
55;3569;3
103;3098;5
103;3570;5
103;54;5
37;3571;5
37;3572;4
37;3573;4
37;3574;4
37;3575;3
37;3576;5
37;3577;3
37;3578;3
37;3510;3
55;3579;4
55;3580;4
43;3581;5
21;3582;3
21;3583;3
21;3584;4
61;3585;3
54;3545;4

